1 0.649364 0.154785 0.620763 0.024414
1 0.648305 0.539551 0.614407 0.022461
1 0.919492 0.602051 0.067797 0.018555
4 0.668432 0.153809 0.582627 0.022461
4 0.917373 0.602539 0.080508 0.019531
5 0.075212 0.978027 0.150424 0.043945
7 0.668432 0.154785 0.582627 0.024414
7 0.921610 0.602051 0.076271 0.018555
8 0.649364 0.154785 0.620763 0.024414
8 0.648305 0.539551 0.614407 0.022461
8 0.919492 0.602051 0.067797 0.018555
9 0.498941 0.087402 0.099576 0.028320
10 0.899364 0.970215 0.048729 0.022461
11 0.322034 0.087402 0.097458 0.028320
13 0.298729 0.979492 0.093220 0.041016
15 0.322034 0.087402 0.097458 0.028320
15 0.322034 0.087402 0.097458 0.028320
