0 0.404661 0.032715 0.148305 0.018555
1 0.406780 0.873535 0.059322 0.022461
1 0.375000 0.463867 0.055085 0.019531
1 0.923729 0.501953 0.067797 0.019531
4 0.128178 0.922852 0.230932 0.039062
5 0.095339 0.970215 0.110169 0.028320
7 0.128178 0.922852 0.230932 0.039062
8 0.406780 0.873535 0.059322 0.022461
8 0.375000 0.463867 0.055085 0.019531
8 0.923729 0.501953 0.067797 0.019531
9 0.498941 0.085938 0.099576 0.025391
10 0.901483 0.970215 0.052966 0.022461
11 0.128178 0.922852 0.230932 0.039062
13 0.298729 0.970215 0.093220 0.028320
15 0.323093 0.085938 0.095339 0.025391
16 0.239407 0.824219 0.402542 0.050781
