1 0.415254 0.249023 0.105932 0.019531
1 0.646186 0.632324 0.622881 0.022461
3 0.744703 0.136230 0.430085 0.022461
4 0.916314 0.172363 0.086864 0.022461
5 0.075212 0.968750 0.150424 0.025391
7 0.916314 0.172363 0.086864 0.022461
8 0.916314 0.172363 0.086864 0.022461
9 0.497881 0.085449 0.097458 0.024414
10 0.900424 0.969238 0.050847 0.024414
11 0.323093 0.084961 0.095339 0.023438
13 0.299788 0.969238 0.095339 0.024414
14 0.251059 0.154785 0.480932 0.079102
14 0.255297 0.425293 0.485169 0.290039
14 0.254237 0.830566 0.478814 0.334961
14 0.744703 0.807129 0.480932 0.385742
14 0.744703 0.350586 0.476695 0.294922
14 0.545551 0.581055 0.078390 0.019531
