1 0.412076 0.456055 0.103814 0.019531
1 0.412076 0.866211 0.099576 0.017578
1 0.671610 0.438477 0.262712 0.019531
1 0.896186 0.500488 0.122881 0.016602
1 0.914195 0.907715 0.082627 0.018555
4 0.412076 0.457031 0.099576 0.019531
4 0.413136 0.866699 0.097458 0.018555
4 0.673729 0.438477 0.258475 0.023438
4 0.897246 0.500977 0.120763 0.017578
4 0.914195 0.908691 0.082627 0.018555
5 0.075212 0.970215 0.150424 0.026367
13 0.298729 0.971191 0.093220 0.022461
15 0.320975 0.085938 0.091102 0.021484
16 0.498941 0.085449 0.091102 0.024414
16 0.677966 0.085938 0.088983 0.023438
