0 0.156780 0.908203 0.076271 0.023438
1 0.453390 0.975098 0.093220 0.040039
3 0.445975 0.866699 0.815678 0.024414
4 0.655720 0.975098 0.086864 0.038086
6 0.864407 0.975586 0.093220 0.037109
7 0.655720 0.975098 0.086864 0.038086
8 0.453390 0.975098 0.093220 0.040039
10 0.091102 0.821777 0.101695 0.041992
11 0.484110 0.820312 0.137712 0.035156
12 0.915254 0.093262 0.093220 0.034180
14 0.500000 0.470703 1.000000 0.941406
15 0.484110 0.820312 0.137712 0.035156
16 0.210805 0.973633 0.341102 0.039062
18 0.066737 0.095215 0.069915 0.036133
