0 0.527542 0.033691 0.394068 0.020508
1 0.400424 0.497070 0.127119 0.017578
1 0.430085 0.907227 0.076271 0.019531
1 0.893008 0.148926 0.129237 0.016602
4 0.903602 0.560059 0.108051 0.014648
5 0.082627 0.970703 0.135593 0.021484
7 0.893008 0.148926 0.129237 0.016602
8 0.400424 0.497070 0.127119 0.017578
8 0.430085 0.907227 0.076271 0.019531
8 0.903602 0.560059 0.108051 0.014648
9 0.500000 0.086426 0.093220 0.022461
10 0.900424 0.970703 0.050847 0.017578
12 0.500000 0.971191 0.127119 0.045898
13 0.299788 0.970703 0.091102 0.021484
17 0.252119 0.265625 0.478814 0.294922
17 0.250000 0.673340 0.478814 0.290039
17 0.745763 0.741699 0.478814 0.301758
17 0.745763 0.328125 0.483051 0.292969
