1 0.356992 0.792969 0.069915 0.021484
1 0.426907 0.382324 0.065678 0.020508
1 0.854873 0.453613 0.052966 0.020508
1 0.852754 0.863770 0.044492 0.018555
4 0.356992 0.793457 0.065678 0.018555
4 0.427966 0.383301 0.067797 0.020508
4 0.865466 0.454590 0.031780 0.020508
5 0.075212 0.978516 0.150424 0.042969
13 0.298729 0.978516 0.097458 0.042969
15 0.322034 0.085938 0.093220 0.023438
12 0.852754 0.864258 0.044492 0.017578
13 0.298729 0.978516 0.097458 0.042969
13 0.498941 0.973145 0.120763 0.043945
15 0.322034 0.085938 0.093220 0.023438
12 0.500000 0.973145 0.122881 0.041992
16 0.902542 0.968262 0.046610 0.024414
17 0.251059 0.884766 0.480932 0.115234
17 0.743644 0.632324 0.483051 0.295898
17 0.252119 0.563477 0.478814 0.292969
17 0.746822 0.297363 0.480932 0.366211
17 0.252119 0.207520 0.483051 0.188477
