1 0.371822 0.494141 0.044492 0.021484
1 0.380297 0.903809 0.040254 0.020508
1 0.860169 0.507812 0.055085 0.019531
1 0.894068 0.915039 0.042373 0.023438
4 0.913136 0.125000 0.080508 0.019531
5 0.075212 0.978516 0.150424 0.042969
7 0.912076 0.125000 0.082627 0.017578
8 0.370763 0.493652 0.046610 0.016602
8 0.382415 0.903809 0.040254 0.018555
8 0.861229 0.506836 0.057203 0.019531
8 0.896186 0.915527 0.042373 0.020508
9 0.498941 0.088867 0.099576 0.031250
10 0.899364 0.970703 0.048729 0.021484
11 0.319915 0.088867 0.097458 0.029297
13 0.298729 0.979492 0.093220 0.041016
15 0.323093 0.086914 0.095339 0.021484
