1 0.409195 0.914018 0.116261 0.021540
1 0.413374 0.505297 0.103343 0.020480
1 0.924012 0.216984 0.071429 0.016596
3 0.560790 0.673552 0.086626 0.019421
4 0.639438 0.627119 0.581307 0.020480
5 0.073328 0.969986 0.146657 0.026130
7 0.386778 0.916314 0.071429 0.020480
7 0.393237 0.506179 0.058511 0.020833
7 0.908055 0.218573 0.044073 0.017655
8 0.900836 0.626766 0.050912 0.019774
9 0.397416 0.074506 0.088146 0.026130
12 0.499620 0.973517 0.119301 0.040960
13 0.298632 0.971045 0.088146 0.022599
15 0.237462 0.074153 0.088906 0.023305
16 0.947188 0.675141 0.029635 0.014831
