1 0.412632 0.502441 0.105263 0.022461
1 0.431579 0.911621 0.071579 0.024414
1 0.909474 0.910645 0.101053 0.020508
1 0.916842 0.165039 0.090526 0.019531
1 0.918947 0.575684 0.086316 0.020508
4 0.412632 0.502441 0.101053 0.024414
4 0.432632 0.911621 0.073684 0.024414
4 0.909474 0.911621 0.109474 0.020508
4 0.918947 0.165039 0.090526 0.021484
4 0.920000 0.576172 0.084211 0.021484
5 0.075789 0.978516 0.151579 0.042969
7 0.413684 0.502441 0.103158 0.026367
7 0.433684 0.912109 0.071579 0.025391
7 0.911579 0.911621 0.109474 0.022461
7 0.922105 0.165527 0.088421 0.022461
7 0.921053 0.576660 0.082105 0.022461
8 0.817895 0.368164 0.351579 0.183594
9 0.383158 0.079590 0.126316 0.040039
