1 0.897895 0.533691 0.124211 0.020508
1 0.900000 0.787598 0.120000 0.018555
1 0.926316 0.127441 0.071579 0.020508
1 0.415789 0.127441 0.103158 0.022461
4 0.900000 0.787598 0.128421 0.020508
4 0.900000 0.533691 0.124211 0.018555
4 0.926316 0.127441 0.075789 0.020508
5 0.074737 0.972168 0.149474 0.030273
7 0.898947 0.535156 0.122105 0.019531
7 0.902105 0.789062 0.124211 0.019531
7 0.924211 0.127441 0.075789 0.020508
8 0.423158 0.537109 0.088421 0.019531
8 0.903158 0.535645 0.126316 0.018555
8 0.903158 0.790039 0.122105 0.019531
8 0.927368 0.127441 0.069474 0.020508
9 0.396842 0.075195 0.098947 0.031250
10 0.917895 0.076172 0.075789 0.025391
11 0.237895 0.075684 0.096842 0.028320
13 0.295789 0.971191 0.098947 0.028320
15 0.237895 0.076172 0.092632 0.027344
