1 0.388298 0.516949 0.044073 0.014831
1 0.399696 0.947210 0.050152 0.019421
1 0.862842 0.221045 0.046353 0.014831
1 0.860942 0.637535 0.037994 0.013771
7 0.889058 0.220869 0.001520 0.016596
8 0.387918 0.517479 0.040274 0.013771
8 0.400456 0.948446 0.048632 0.020480
8 0.859802 0.638595 0.035714 0.013771
8 0.894377 0.221398 0.021277 0.015537
10 0.888298 0.907133 0.223404 0.000000
14 0.252280 0.700388 0.480243 0.299788
14 0.251140 0.930968 0.477964 0.133828
14 0.253419 0.293785 0.477964 0.257768
14 0.745821 0.825388 0.477964 0.299788
14 0.746960 0.408016 0.480243 0.294845
14 0.744681 0.603284 0.475684 0.103460
14 0.744681 0.292726 0.475684 0.257768
18 0.059650 0.080332 0.044833 0.022246
