1 0.415663 0.133789 0.108434 0.015625
1 0.917671 0.504395 0.092369 0.018555
1 0.917671 0.900391 0.096386 0.019531
3 0.494980 0.103516 0.929719 0.019531
4 0.417671 0.558105 0.108434 0.018555
5 0.073293 0.972656 0.146586 0.021484
7 0.416667 0.558105 0.110442 0.018555
8 0.416667 0.558105 0.110442 0.018555
8 0.917671 0.900391 0.096386 0.019531
9 0.420683 0.054688 0.234940 0.025391
9 0.652610 0.054199 0.080321 0.022461
10 0.912651 0.973145 0.018072 0.016602
11 0.374498 0.041504 0.030120 0.014648
13 0.300201 0.972656 0.086345 0.021484
15 0.420683 0.054688 0.234940 0.025391
12 0.498996 0.974121 0.110442 0.022461
13 0.300201 0.972656 0.086345 0.021484
16 0.241968 0.917969 0.423695 0.025391
16 0.740964 0.930176 0.449799 0.020508
15 0.420683 0.054688 0.234940 0.025391
16 0.241968 0.917969 0.423695 0.025391
16 0.740964 0.930176 0.449799 0.020508
