1 0.590741 0.967117 0.138889 0.034234
4 0.724537 0.966216 0.063889 0.034234
5 0.146296 0.062613 0.096296 0.047748
6 0.943056 0.715991 0.056481 0.038288
7 0.724537 0.966216 0.063889 0.034234
8 0.590741 0.967117 0.138889 0.034234
9 0.500000 0.415766 1.000000 0.655856
10 0.952778 0.507883 0.094444 0.051802
11 0.792130 0.060360 0.154630 0.033333
12 0.927315 0.059685 0.063889 0.030180
13 0.058796 0.431532 0.117593 0.105405
15 0.792130 0.060360 0.154630 0.033333
16 0.880093 0.966441 0.065741 0.029279
15 0.792130 0.060360 0.154630 0.033333
16 0.880093 0.966441 0.065741 0.029279
