1 0.426707 0.188965 0.094378 0.018555
1 0.668675 0.585449 0.586345 0.020508
1 0.907631 0.508301 0.116466 0.020508
1 0.923695 0.933594 0.076305 0.019531
3 0.732932 0.461914 0.417671 0.044922
3 0.762048 0.904785 0.475904 0.077148
5 0.500000 0.012695 1.000000 0.023438
8 0.399598 0.188965 0.044177 0.018555
8 0.397590 0.585449 0.044177 0.020508
8 0.905622 0.508301 0.112450 0.020508
8 0.923695 0.933594 0.076305 0.019531
9 0.500000 0.054199 0.084337 0.024414
9 0.654618 0.053711 0.084337 0.021484
10 0.899598 0.974121 0.048193 0.020508
11 0.400602 0.188965 0.042169 0.018555
11 0.397590 0.585449 0.044177 0.020508
11 0.905622 0.508301 0.112450 0.020508
11 0.923695 0.933594 0.076305 0.019531
13 0.299197 0.973145 0.084337 0.024414
