0 0.114458 0.152344 0.136546 0.013672
0 0.656627 0.437012 0.168675 0.012695
1 0.432731 0.230469 0.082329 0.017578
1 0.432731 0.626465 0.086345 0.018555
1 0.930723 0.540527 0.070281 0.020508
4 0.823293 0.775391 0.016064 0.013672
5 0.071285 0.973145 0.142570 0.022461
7 0.823293 0.775391 0.016064 0.013672
8 0.435743 0.231934 0.084337 0.016602
8 0.434739 0.627930 0.086345 0.017578
8 0.929719 0.540527 0.072289 0.018555
9 0.498996 0.053711 0.082329 0.019531
10 0.899598 0.972656 0.044177 0.019531
11 0.344378 0.053711 0.082329 0.023438
13 0.298193 0.973633 0.082329 0.023438
