1 0.458333 0.964744 0.070370 0.029487
7 0.640741 0.964103 0.068519 0.030769
3 0.844444 0.961966 0.068519 0.039316
11 0.761574 0.094444 0.176852 0.042735
8 0.801852 0.366026 0.037037 0.016667
8 0.802315 0.470940 0.036111 0.017094
8 0.804167 0.852564 0.036111 0.016239
8 0.804167 0.143162 0.036111 0.016239
16 0.578704 0.142735 0.064815 0.017094
16 0.498148 0.365812 0.062963 0.015385
16 0.534259 0.852350 0.064815 0.015812
16 0.418981 0.511752 0.063889 0.015812
2 0.212037 0.963675 0.340741 0.046154
16 0.578704 0.470299 0.064815 0.016667
