15 0.349473 0.034528 0.082788 0.021260
9 0.522698 0.034085 0.080089 0.018602
0 0.695924 0.040286 0.082788 0.031889
8 0.448009 0.483859 0.081888 0.019045
8 0.907844 0.378668 0.110684 0.018602
8 0.889846 0.805853 0.042294 0.019045
8 0.453858 0.806960 0.064791 0.019488
5 0.133053 0.953120 0.087288 0.022145
13 0.328776 0.952013 0.079189 0.020817
6 0.716621 0.952456 0.077389 0.020817
10 0.912343 0.952013 0.040494 0.019931
17 0.761614 0.204162 0.464334 0.172734
17 0.282882 0.630904 0.464334 0.228984
17 0.762514 0.563361 0.466134 0.305607
17 0.282882 0.267276 0.458935 0.296306
