15 0.321296 0.086752 0.085185 0.019658
9 0.499074 0.086538 0.085185 0.019231
0 0.677315 0.088889 0.084259 0.023932
8 0.420833 0.798718 0.050926 0.019658
8 0.860185 0.542308 0.044444 0.018803
8 0.421759 0.516026 0.078704 0.017521
8 0.918981 0.884188 0.063889 0.017094
5 0.075000 0.972863 0.037037 0.019231
13 0.319907 0.971795 0.037963 0.018803
6 0.699074 0.972222 0.081481 0.019658
10 0.900463 0.972009 0.041667 0.019231
17 0.253704 0.297650 0.475926 0.262821
17 0.745370 0.315812 0.479630 0.281197
17 0.251389 0.630128 0.476852 0.166239
17 0.745370 0.708333 0.475926 0.267094
