15 0.379270 0.022285 0.080943 0.019594
9 0.548634 0.022072 0.081823 0.019168
0 0.717998 0.024415 0.079183 0.023854
8 0.474290 0.732360 0.047510 0.019594
8 0.891322 0.476571 0.042231 0.018316
8 0.475170 0.450162 0.075664 0.017464
8 0.948070 0.817552 0.060707 0.017038
5 0.145240 0.905726 0.035193 0.018742
13 0.378390 0.904661 0.036952 0.019168
6 0.738674 0.905087 0.078303 0.020020
10 0.929594 0.904874 0.039592 0.019594
17 0.315044 0.232709 0.452224 0.261539
17 0.777616 0.250812 0.444767 0.280708
17 0.313724 0.564106 0.453104 0.165272
17 0.778056 0.642269 0.443887 0.266225
