1 0.456468 0.842036 0.073369 0.029737
7 0.649183 0.841162 0.071412 0.031487
3 0.863978 0.839067 0.072530 0.040049
8 0.819398 0.229360 0.040108 0.016618
8 0.819398 0.336502 0.038152 0.017493
8 0.821843 0.727242 0.039130 0.017055
8 0.821843 0.004696 0.039130 0.009391
16 0.583640 0.004696 0.069455 0.009391
16 0.498533 0.228923 0.067499 0.015743
16 0.536684 0.727023 0.069455 0.015743
16 0.414403 0.378484 0.067499 0.016618
2 0.196254 0.840943 0.360973 0.046793
16 0.584129 0.335846 0.068477 0.017055
