15 0.313352 0.052752 0.076306 0.019609
9 0.472117 0.055672 0.075485 0.025450
0 0.628420 0.052960 0.073024 0.018358
5 0.094281 0.918062 0.033640 0.018775
13 0.294070 0.917228 0.072203 0.019609
6 0.647702 0.917436 0.072203 0.019192
10 0.826159 0.917228 0.036922 0.018775
8 0.824518 0.524000 0.102561 0.014185
8 0.384734 0.550284 0.107484 0.015854
14 0.687995 0.297732 0.414712 0.289227
14 0.687739 0.697452 0.423734 0.283688
14 0.252351 0.724448 0.416233 0.282777
8 0.385555 0.149338 0.109125 0.016689
8 0.806877 0.123679 0.034461 0.016272
