1 0.454814 0.977300 0.076155 0.031380
7 0.654849 0.976377 0.074125 0.033226
3 0.877803 0.974167 0.075285 0.042262
11 0.787360 0.037273 0.192927 0.046148
8 0.831530 0.330772 0.041632 0.017536
8 0.831530 0.443833 0.039601 0.018459
8 0.834068 0.856162 0.040616 0.017998
8 0.834068 0.089881 0.040616 0.017536
16 0.586817 0.089419 0.072094 0.018459
16 0.498477 0.330310 0.070063 0.016613
16 0.538078 0.855932 0.072094 0.016613
16 0.411152 0.488135 0.070063 0.017536
2 0.186029 0.975729 0.372059 0.048543
16 0.587325 0.443141 0.071078 0.017998
