15 0.321296 0.086752 0.085185 0.019658
9 0.499537 0.086538 0.086111 0.019231
0 0.677778 0.088889 0.083333 0.023932
8 0.421296 0.799145 0.050000 0.019658
8 0.860185 0.542521 0.044444 0.018376
8 0.422222 0.516026 0.079630 0.017521
8 0.919907 0.884615 0.063889 0.017094
5 0.075000 0.973077 0.037037 0.018803
13 0.320370 0.972009 0.038889 0.019231
6 0.699537 0.972436 0.082407 0.020085
10 0.900463 0.972222 0.041667 0.019658
17 0.253704 0.297863 0.475926 0.262393
17 0.745833 0.316026 0.478704 0.281624
17 0.252315 0.630342 0.476852 0.165812
17 0.745370 0.708761 0.475926 0.267094
