15 0.321296 0.086752 0.085185 0.020513
9 0.499537 0.086325 0.082407 0.017949
0 0.677778 0.092308 0.085185 0.030769
8 0.422685 0.520299 0.084259 0.018376
8 0.895833 0.418803 0.113889 0.017949
8 0.877315 0.830983 0.043519 0.018376
8 0.428704 0.832051 0.066667 0.018803
5 0.098611 0.973077 0.089815 0.021368
13 0.300000 0.972009 0.081481 0.020085
6 0.699074 0.972436 0.079630 0.020085
10 0.900463 0.972009 0.041667 0.019231
17 0.745370 0.250427 0.477778 0.166667
17 0.252778 0.662179 0.477778 0.220940
17 0.746296 0.597009 0.479630 0.294872
17 0.252778 0.311325 0.472222 0.285897
