15 0.275938 0.020751 0.092144 0.020001
9 0.467657 0.023730 0.091154 0.025959
0 0.656405 0.020963 0.088181 0.018725
5 0.015853 0.903359 0.031706 0.019150
13 0.252654 0.902508 0.087190 0.020001
6 0.679689 0.902721 0.087190 0.019576
10 0.895188 0.902508 0.044586 0.019150
8 0.893206 0.501419 0.123850 0.014469
8 0.362137 0.528229 0.129795 0.016171
14 0.728345 0.270629 0.500794 0.295009
14 0.728036 0.678339 0.511688 0.289359
14 0.226795 0.705875 0.453590 0.288430
8 0.363128 0.119267 0.131776 0.017022
8 0.871904 0.093096 0.041614 0.016597
