15 0.329110 0.103948 0.086316 0.020020
9 0.509247 0.103531 0.082563 0.017517
0 0.689384 0.109370 0.086316 0.030030
8 0.430906 0.526868 0.085378 0.018352
8 0.910334 0.427811 0.115400 0.017934
8 0.892039 0.830085 0.045034 0.018352
8 0.437004 0.831128 0.067551 0.018769
5 0.102531 0.968973 0.091007 0.020854
13 0.307062 0.967513 0.081625 0.019603
6 0.711901 0.968139 0.080687 0.019186
10 0.915963 0.967722 0.042220 0.018352
17 0.758343 0.263690 0.483181 0.162661
17 0.259682 0.665339 0.484119 0.215214
17 0.757907 0.601525 0.484186 0.287786
17 0.259682 0.322707 0.478490 0.279027
