15 0.350882 0.099208 0.084765 0.020128
9 0.528243 0.098789 0.082001 0.017612
0 0.705604 0.104659 0.084765 0.030192
8 0.451770 0.524619 0.083844 0.018031
8 0.922584 0.425028 0.113327 0.017612
8 0.904157 0.829473 0.043304 0.018031
8 0.457759 0.830521 0.066338 0.018451
5 0.129295 0.968900 0.089372 0.020967
13 0.329691 0.967852 0.081079 0.019709
6 0.726795 0.968271 0.079237 0.019709
10 0.927191 0.967852 0.041461 0.018870
17 0.767577 0.259812 0.464847 0.163539
17 0.282701 0.663837 0.475420 0.216794
17 0.767577 0.599889 0.464847 0.289338
17 0.282701 0.319566 0.469892 0.280532
