15 0.321296 0.086538 0.087037 0.020085
9 0.500000 0.089530 0.085185 0.026068
0 0.676852 0.086752 0.081481 0.018803
5 0.074074 0.972650 0.037037 0.018803
13 0.299537 0.971581 0.080556 0.020085
6 0.699074 0.972009 0.081481 0.019231
10 0.900463 0.971795 0.041667 0.018803
8 0.898148 0.569231 0.116667 0.014530
14 0.743981 0.337393 0.467593 0.296154
14 0.743981 0.746581 0.478704 0.290598
14 0.252315 0.774359 0.469444 0.289744
8 0.402778 0.185470 0.122222 0.017094
8 0.878241 0.158974 0.039815 0.017094
