15 0.321759 0.086538 0.086111 0.020085
9 0.500926 0.089530 0.085185 0.026068
0 0.677315 0.086752 0.082407 0.018803
5 0.074537 0.972863 0.037963 0.019231
13 0.300000 0.972009 0.081481 0.020085
6 0.699074 0.972222 0.081481 0.019658
10 0.900463 0.972009 0.041667 0.019231
8 0.898611 0.569231 0.115741 0.014530
8 0.402315 0.596154 0.121296 0.016239
14 0.744545 0.337469 0.468004 0.296251
14 0.744256 0.746895 0.478185 0.290578
14 0.252920 0.774547 0.469720 0.289644
8 0.403241 0.185470 0.123148 0.017094
8 0.878704 0.159188 0.038889 0.016667
