15 0.323175 0.080616 0.087216 0.019854
9 0.504641 0.083573 0.086279 0.025768
0 0.683294 0.080827 0.083465 0.018587
5 0.072780 0.956734 0.038450 0.019009
13 0.301137 0.955889 0.082527 0.019854
6 0.705333 0.956100 0.082527 0.019432
10 0.909307 0.955889 0.042201 0.019009
8 0.907431 0.557750 0.117226 0.014363
8 0.404765 0.584363 0.122853 0.016052
14 0.751387 0.328657 0.474010 0.292839
14 0.751095 0.733369 0.484322 0.287231
14 0.253452 0.760702 0.475749 0.286309
8 0.405703 0.178408 0.124729 0.016897
8 0.887268 0.152429 0.039388 0.016475
