15 0.338016 0.123396 0.085160 0.019818
9 0.516204 0.122984 0.082383 0.017341
0 0.694392 0.128764 0.085160 0.029727
8 0.439375 0.542261 0.084234 0.017754
8 0.912382 0.444203 0.113855 0.017341
8 0.893869 0.842424 0.043506 0.017754
8 0.445392 0.843456 0.066647 0.018167
5 0.115397 0.979706 0.089788 0.020644
13 0.316726 0.978673 0.081457 0.019405
6 0.715682 0.979086 0.079606 0.019405
10 0.917011 0.978673 0.041654 0.018579
17 0.761573 0.281529 0.476854 0.161022
17 0.269518 0.679337 0.477636 0.213458
17 0.761573 0.616373 0.476854 0.284886
17 0.269518 0.340364 0.472082 0.276215
