1 0.484444 0.949061 0.065231 0.026998
7 0.655785 0.948267 0.063492 0.028586
3 0.846757 0.946365 0.064486 0.036360
11 0.769287 0.140314 0.165252 0.039703
8 0.807121 0.392824 0.035660 0.015087
8 0.807121 0.490096 0.033920 0.015881
8 0.809295 0.844841 0.034790 0.015484
8 0.809295 0.185576 0.034790 0.015087
16 0.597512 0.185179 0.061752 0.015881
16 0.521844 0.392427 0.060013 0.014293
16 0.555764 0.844642 0.061752 0.014293
16 0.447045 0.528211 0.060013 0.015087
2 0.253091 0.948068 0.320937 0.042482
16 0.597946 0.489501 0.060882 0.015484
