15 0.356798 0.018428 0.084840 0.019035
9 0.533320 0.021262 0.083927 0.024704
0 0.707104 0.018630 0.081191 0.017820
5 0.113226 0.858379 0.037402 0.018225
13 0.335360 0.857569 0.080278 0.019035
6 0.728542 0.857772 0.080278 0.018630
10 0.926958 0.857569 0.041051 0.018225
8 0.925133 0.475865 0.114032 0.013770
8 0.436164 0.501379 0.119505 0.015390
14 0.771397 0.256229 0.457205 0.280751
14 0.768747 0.644234 0.462505 0.275374
14 0.288975 0.670439 0.462785 0.274490
8 0.437077 0.112183 0.121330 0.016200
8 0.905520 0.087276 0.038315 0.015795
