15 0.306739 0.096247 0.076676 0.018684
9 0.467176 0.095858 0.074176 0.016348
0 0.627613 0.101308 0.076676 0.028026
8 0.398001 0.491139 0.075843 0.016738
8 0.823887 0.398693 0.102513 0.016348
8 0.807219 0.774122 0.039172 0.016738
8 0.403418 0.775095 0.060008 0.017127
5 0.106297 0.903546 0.080843 0.019462
13 0.287570 0.902573 0.073343 0.018295
6 0.646782 0.902963 0.071676 0.018295
10 0.828055 0.902573 0.037505 0.017516
17 0.688454 0.245329 0.430054 0.151807
17 0.245065 0.620369 0.430054 0.201241
17 0.689287 0.561009 0.431721 0.268581
17 0.245065 0.300797 0.425053 0.260407
