15 0.286489 0.161385 0.091184 0.018181
9 0.477282 0.161188 0.092175 0.017786
0 0.668076 0.163362 0.089202 0.022134
8 0.393531 0.820263 0.053521 0.018181
8 0.863329 0.582917 0.047574 0.016996
8 0.394523 0.558412 0.085238 0.016205
8 0.927257 0.899313 0.068388 0.015810
5 0.022847 0.981129 0.039645 0.017391
13 0.285498 0.980141 0.041628 0.017786
6 0.691367 0.980536 0.088211 0.018577
10 0.906443 0.980338 0.044601 0.018181
17 0.234429 0.356638 0.468858 0.242682
17 0.740924 0.373436 0.512416 0.260468
17 0.233933 0.664140 0.467866 0.153356
17 0.740428 0.736668 0.509443 0.247030
