1 0.444528 0.973607 0.071793 0.030077
7 0.630624 0.972953 0.069904 0.031384
3 0.838447 0.970773 0.069904 0.040102
11 0.753901 0.085910 0.180428 0.043589
8 0.794993 0.362920 0.037786 0.017000
8 0.795466 0.469932 0.036841 0.017436
8 0.797355 0.859185 0.036841 0.016564
8 0.797355 0.135602 0.036841 0.016564
16 0.567332 0.135166 0.066126 0.017436
16 0.485148 0.362702 0.064236 0.015692
16 0.521989 0.858967 0.066126 0.016128
16 0.404380 0.511560 0.065181 0.016128
2 0.193251 0.972517 0.347632 0.047076
16 0.567332 0.469278 0.066126 0.017000
