1 0.458796 0.964957 0.069444 0.029060
7 0.641204 0.964103 0.067593 0.030769
3 0.844511 0.962056 0.068651 0.039137
11 0.762037 0.094444 0.175926 0.042735
8 0.802315 0.366239 0.037963 0.016239
8 0.802315 0.470940 0.036111 0.017094
8 0.804630 0.852778 0.037037 0.016667
8 0.804630 0.143162 0.037037 0.016239
16 0.579167 0.142735 0.065741 0.017094
16 0.498611 0.365812 0.063889 0.015385
16 0.534722 0.852564 0.065741 0.015385
16 0.418981 0.511966 0.063889 0.016239
2 0.212500 0.963889 0.341667 0.045726
16 0.579630 0.470299 0.064815 0.016667
