15 0.890278 0.023874 0.158333 0.033333
15 0.889815 0.102477 0.157407 0.034685
15 0.889815 0.181306 0.157407 0.032883
15 0.890278 0.260360 0.158333 0.032432
15 0.890278 0.338739 0.158333 0.034234
15 0.890278 0.418468 0.158333 0.033333
15 0.890278 0.497072 0.158333 0.032883
15 0.890278 0.575901 0.158333 0.034685
15 0.890278 0.654730 0.156481 0.032883
15 0.890278 0.734234 0.158333 0.032432
5 0.131481 0.860360 0.072222 0.017117
6 0.751389 0.859009 0.084259 0.019820
10 0.956944 0.859910 0.034259 0.017117
