15 0.826221 0.066763 0.158097 0.034901
15 0.826221 0.147671 0.158097 0.035355
15 0.826221 0.228578 0.158097 0.033995
15 0.826221 0.310165 0.158097 0.033995
15 0.826221 0.390620 0.158097 0.034448
15 0.826221 0.472887 0.158097 0.033995
15 0.826221 0.553341 0.158097 0.033541
15 0.826221 0.634702 0.158097 0.035808
15 0.863364 0.715609 0.083810 0.033541
15 0.826221 0.797650 0.158097 0.033541
5 0.069546 0.927283 0.071429 0.017224
6 0.687648 0.925924 0.082858 0.019944
10 0.892888 0.926830 0.034286 0.017224
