15 0.835185 0.118919 0.153704 0.034234
15 0.834722 0.199324 0.152778 0.035586
15 0.834722 0.279955 0.152778 0.033784
15 0.835185 0.360811 0.153704 0.033333
15 0.835185 0.440766 0.153704 0.034685
15 0.835185 0.522297 0.153704 0.033784
15 0.835185 0.602703 0.153704 0.033333
15 0.835185 0.683333 0.153704 0.035135
15 0.835185 0.763964 0.151852 0.033333
15 0.835185 0.845270 0.153704 0.032883
5 0.099074 0.974099 0.070370 0.017568
6 0.700000 0.972748 0.081481 0.020270
10 0.900000 0.973649 0.033333 0.017568
