15 0.773741 0.143533 0.147182 0.033318
15 0.773298 0.221786 0.146295 0.034633
15 0.773298 0.300259 0.146295 0.032880
15 0.773741 0.378951 0.147182 0.032441
15 0.773741 0.456766 0.147182 0.033756
15 0.773741 0.536115 0.147182 0.032880
15 0.773741 0.614368 0.147182 0.032441
15 0.773741 0.692841 0.147182 0.034195
15 0.773741 0.771313 0.145409 0.032441
15 0.773741 0.850444 0.147182 0.032003
5 0.068863 0.975824 0.067385 0.017097
6 0.644292 0.974509 0.078024 0.019728
10 0.835806 0.975386 0.031919 0.017097
