15 0.897300 0.151434 0.153315 0.032325
15 0.896838 0.227355 0.152391 0.033601
15 0.896838 0.303489 0.152391 0.031900
15 0.897300 0.379835 0.153315 0.031474
15 0.897300 0.455331 0.153315 0.032750
15 0.897300 0.532315 0.153315 0.031900
15 0.897300 0.608236 0.153315 0.031474
15 0.897300 0.684370 0.153315 0.033176
15 0.897300 0.760503 0.151468 0.031474
15 0.897300 0.837275 0.153315 0.031049
5 0.163052 0.958918 0.070192 0.016588
6 0.762457 0.957642 0.081275 0.019140
10 0.961950 0.958493 0.033249 0.016588
