0 0.321759 0.086538 0.086111 0.020085
1 0.500926 0.089530 0.085185 0.026068
2 0.677315 0.086752 0.082407 0.018803
3 0.074537 0.972863 0.037963 0.019231
4 0.300000 0.972009 0.081481 0.020085
5 0.699074 0.972222 0.081481 0.019658
6 0.900463 0.972009 0.041667 0.019231
7 0.898611 0.569231 0.115741 0.014530
7 0.402315 0.596154 0.121296 0.016239
8 0.930556 0.216239 0.055556 0.026496
8 0.929167 0.626923 0.017593 0.008547
8 0.437963 0.654060 0.057407 0.027778
7 0.403241 0.185470 0.123148 0.017094
7 0.878704 0.159188 0.038889 0.016667
